.Random.seed <-
c(403L, 10L, -680685546L, -1685611840L, -1500545917L, 1017645217L, 
920886928L, 2073566574L, -1987302631L, -191058005L, -1028993638L, 
-1399260836L, -327249825L, -975495115L, -1614089268L, 982710050L, 
952846717L, -760651145L, -475522146L, -1887319464L, -828546117L, 
2096014681L, -338624792L, -1006010602L, 1586139281L, -1357599421L, 
-1164461998L, 1406421732L, -2027959001L, 2131203453L, -637305740L, 
1674995290L, 298885797L, 1696245951L, 1814469446L, -1287198256L, 
-347571213L, 568664849L, 464548672L, 308419358L, -1302797335L, 
-1086461669L, -675921110L, 974947404L, -1180054513L, -1906677947L, 
-928788228L, -1760452782L, 1798983885L, -1837703033L, -504216722L, 
-1501481656L, -98123445L, -1387744087L, -1291434504L, -1808552666L, 
320900673L, 722323411L, -170140286L, 1340666292L, 362257719L, 
791648301L, -1410710204L, 1906606698L, 872295637L, -241833361L, 
1828593526L, 641228960L, -1335674525L, -1673725439L, -1134024336L, 
-871835378L, 191179641L, 348250891L, -1798804422L, -1077884100L, 
662003839L, 1551254485L, -1657164308L, -331366590L, 558219421L, 
29358359L, -2072227714L, -365664200L, -1153892581L, 1198197881L, 
-2106813240L, 2099770614L, -707631823L, -1825204893L, 1388214066L, 
-168910716L, -235815737L, -1241485411L, -116466924L, -2026985030L, 
549355525L, 1161688543L, -750270362L, -267520016L, 1969094931L, 
528654001L, -1088923296L, -1296601346L, -492631415L, 202679739L, 
-1478533238L, -271710612L, 703150063L, 1412157477L, 1518461148L, 
98862770L, 613149101L, 881778023L, 13486734L, -1035119768L, 371510123L, 
-85232375L, -322499688L, -643708218L, -1861963743L, -1413778253L, 
-1672042974L, 1356486676L, -303129449L, -940984691L, 901896100L, 
-1607186038L, -1917929995L, 414525519L, -1612021930L, 1858016768L, 
799876931L, -1476591903L, -1296180144L, 2073633966L, 461406297L, 
455286891L, 1759237594L, 1784659612L, 1337462943L, -1728959755L, 
-1884014708L, 1242617442L, 350874173L, 1507316919L, 700386142L, 
1182903960L, -2018144773L, -2018652263L, -376985560L, 346820822L, 
1557665105L, 1672184835L, 1963387794L, 2127366436L, 865505255L, 
-1136454595L, -1154178380L, -514477798L, 443613797L, 461629183L, 
-1009525882L, 1905507600L, 829797811L, 1028925009L, -374340096L, 
-1194491170L, 487559465L, -107840293L, 320785386L, 742497164L, 
621436111L, 604292229L, 879611708L, 1026526738L, 445910285L, 
-86026681L, 376704046L, -613199480L, 92752011L, -1737219479L, 
157589048L, 1280636646L, -479423871L, 239722003L, -1391810110L, 
-1674034572L, 533570679L, 65711469L, 1742541316L, 1099608362L, 
1382229653L, -1317319377L, -1014024138L, -1513124768L, 1570677411L, 
1361302977L, -1514036816L, -833650482L, 525622841L, -1776852917L, 
1343984122L, -618099460L, 1189126463L, -1929224683L, -1251091156L, 
472362498L, -1068616483L, 76279767L, 1146653374L, -1067447048L, 
1453028059L, -1876678343L, 318401672L, -1656054730L, -2099009423L, 
140417699L, 1107329010L, 170513220L, -1203176441L, -1564632611L, 
-2141198636L, 643844602L, -172874427L, -71372385L, 1170412326L, 
-1218974800L, -163243949L, 1189855968L, -443077508L, 1021455568L, 
2032171938L, -1594528216L, 528369932L, 60299196L, -102393550L, 
869073088L, -457952716L, 686623432L, -2055984454L, 1015149712L, 
1788729068L, -1553957292L, -1602713966L, 1161316128L, -1839826996L, 
1080197344L, 1866383042L, 2021635112L, -832627796L, -930858308L, 
-1658795534L, 1650300464L, 2054322084L, 1449931192L, 651969370L, 
1981461648L, 2038803324L, -344709356L, 538004802L, -1105449216L, 
-157019204L, 94818128L, 1410156834L, -1609801144L, 1255608332L, 
1858835548L, -780897838L, 683965952L, 760357204L, 768938216L, 
-710385414L, 593004240L, -1041477332L, -1458953996L, -44937838L, 
1925667168L, -648095732L, 1368326880L, -590189982L, 1594966696L, 
-1972082100L, -433246340L, 2027394354L, 574203504L, 1718317892L, 
-1569118248L, 1774487418L, 685012528L, 2007377852L, -225036716L, 
-1443344318L, -1450577760L, 249853628L, 303213008L, -81001630L, 
1002709736L, -289619764L, -1692081668L, 833221106L, 495323776L, 
-943546892L, -1317898616L, 492232506L, 1748357968L, -1601672084L, 
-1604976236L, 1697084498L, 1206796768L, -1552900916L, 61654176L, 
801060226L, 700123368L, 1138259692L, 1653232956L, -18756494L, 
-1626019728L, -1006239708L, 15322168L, -1723044070L, 1550593232L, 
-1963163844L, -1527339116L, 1317753730L, 73238976L, -588906948L, 
-464681584L, 1280097826L, 1381655816L, -2026312052L, 1447698204L, 
343146642L, 1814542720L, -1703025132L, -217489624L, 413997626L, 
-371507760L, 76392812L, -1794849868L, 112678930L, -259082784L, 
-1195407412L, -758587168L, -576497630L, 2039341352L, -1819779572L, 
1554540348L, -1558903822L, 1113250544L, 2040254020L, 1083261528L, 
-2052862150L, -79583760L, -322693444L, 1679948052L, 407339714L, 
2037019744L, 592298876L, -479340592L, -1156112094L, 1756854952L, 
577379212L, -475498308L, 698117938L, -1740608960L, 999357620L, 
-573791672L, -1736268358L, 906248720L, 1361916652L, -732405420L, 
1690583314L, -1940222560L, 223617740L, 1086889568L, -2022737982L, 
1193944872L, 668856236L, -26451140L, 291449202L, -2078213328L, 
1429695780L, -1207424200L, -378429734L, 2001856400L, -1781362948L, 
-318018668L, 2075009090L, 1151849728L, 209437756L, -1308540592L, 
1952583842L, 1755308360L, -700000500L, -356105508L, -1618842286L, 
-681802624L, 797040724L, -12070936L, 556607738L, -579425456L, 
1800306476L, -1787762316L, -1964119150L, -446273440L, -206942836L, 
-993764512L, -1216611870L, -921701464L, 1221604556L, 607240188L, 
1333470642L, 1010415088L, -1874375740L, -131226280L, 549099898L, 
-1289731152L, 172607932L, -1705592748L, -1509378110L, 2081255456L, 
-2122614596L, -1901768112L, 341504994L, 1407139944L, -1504951220L, 
-958654212L, -3568654L, -869857024L, -1545928332L, -651678712L, 
-1510162502L, 1264251344L, 1495727084L, 1880777108L, 2015957458L, 
-1910468256L, -192311476L, -1309583072L, -1042301054L, -936841496L, 
-2142813972L, 1321333820L, 95157106L, -565232016L, 420631588L, 
1386941240L, -1353519974L, 1605096144L, 162611388L, 496529044L, 
-512772478L, -41629504L, -686578884L, 967089296L, 577466291L, 
1303682772L, 1844094946L, -1103902089L, -616385599L, -2145619642L, 
390881412L, 1334076981L, 1408658975L, 1050974584L, 665131094L, 
1681552611L, 636592805L, -635445438L, -342704848L, 2026290521L, 
1785310923L, 1010468668L, 853266282L, -1597063777L, 1102599209L, 
1547224766L, -1239423060L, 1848749309L, 2114050119L, -1759041744L, 
95928398L, -72037253L, 306913245L, -2031415798L, -269069528L, 
-1987846767L, -1593515133L, 443402372L, 266561202L, -1605469689L, 
-1087731119L, -942308906L, 503622836L, 482384069L, 770697743L, 
-1708932472L, 1589065638L, 71745363L, 553533621L, 870325778L, 
-622134304L, 890867273L, 1075416187L, 1644719436L, 12327130L, 
2107648207L, 874984601L, 129169582L, -1524554308L, -164659667L, 
433789399L, -929681376L, -1553394306L, -1342387381L, 483742029L, 
-1245417606L, -372424264L, 1974657889L, -41651437L, -707179724L, 
410356034L, 1407896919L, 645671073L, 412778854L, -949275804L, 
-460055915L, 1167940543L, 1559588696L, -1274419850L, -97974397L, 
375889349L, 503030498L, -624309424L, -433416583L, 696261035L, 
458993436L, 428603466L, -623236033L, 1735797897L, -212809570L, 
678577484L, 1443079453L, -522575705L, 1018040272L, 376440686L, 
1939205659L, 327653245L, 537845098L, -1068633080L, -681624399L, 
1282890531L, 1275996196L, -95065390L, -1742995673L, 1420632433L, 
952412086L, 176708436L, -466819611L, 326180847L, 103857960L, 
-1664546938L, -611290189L, -73018603L, -1391514254L, -1927327296L, 
-1723350487L, -1455241573L, 531074924L, -1752606854L, 1193750703L, 
781847481L, 354541006L, 1784908060L, 278461581L, 1664528631L, 
-810992640L, 1228275294L, 249012523L, -1084440019L, 73646746L, 
850394712L, -869695039L, 1599524467L, -1805415532L, -1955937758L, 
497306935L, 415755265L, -1558540026L, -834996924L, -853698443L, 
-1620444705L, -1896807112L, -1349462250L, 2060965667L, 960292069L, 
